# %YAML:1.0
cam_K: 
   rows: 3
   cols: 3
   dt: d
   data: [ 3.5726997709464245e+003, 0., 2.4610746569224962e+003, 0.,
       3.5543031594410641e+003, 1.2643131615466016e+003, 0., 0., 1. ]
cam_kc: 
   rows: 1
   cols: 5
   dt: d
   data: [ 3.2683764848821955e-003, 2.0461880204560634e-001,
       -1.9886914335888249e-003, 1.9872468840589731e-002, 0. ]
proj_K:
   rows: 3
   cols: 3
   dt: d
   data: [ 1.3324018450885110e+003, 0., 5.5424763476178236e+002, 0.,
       2.3643548308626878e+003, 7.6299484373032692e+002, 0., 0., 1. ]
proj_kc: 
   rows: 1
   cols: 5
   dt: d
   data: [ -3.2173350469734494e-003, 2.9712155026177139e-001,
       -8.0137014267837904e-003, 1.6673690881758820e-002, 0. ]
R: 
   rows: 3
   cols: 3
   dt: d
   data: [ 9.4416886234102104e-001, 3.0781504943855866e-002,
       3.2802081997802113e-001, -7.2629817008567077e-002,
       9.9057843160990000e-001, 1.1610030366270629e-001,
       -3.2135660731804472e-001, -1.3344238375666828e-001,
       9.3750896590399280e-001 ]
T:
   rows: 3
   cols: 1
   dt: d
   data: [ -1.3938215851933654e+002, -1.5050164857383265e+002,
       1.9521773030745780e+002 ]
cam_error: 1.3504648256097338e+000
proj_error: 5.1717182073009615e-001
stereo_error: 5.5298318126822172e+000
